1 0.302734375 0.3505859375 0.04296875 0.0546875
1 0.4111328125 0.357421875 0.0380859375 0.0595703125
1 0.525390625 0.357421875 0.03515625 0.044921875
1 0.5693359375 0.37890625 0.044921875 0.068359375
1 0.6513671875 0.365234375 0.0458984375 0.0791015625
1 0.751953125 0.3466796875 0.037109375 0.0732421875
0 0.30078125 0.640625 0.0927734375 0.62890625
0 0.4140625 0.6181640625 0.0869140625 0.587890625
0 0.533203125 0.6630859375 0.12109375 0.6396484375
0 0.638671875 0.6279296875 0.1025390625 0.6025390625
0 0.7490234375 0.587890625 0.08203125 0.5419921875
1 0.96875 0.5146484375 0.0263671875 0.04296875
0 0.947265625 0.5673828125 0.072265625 0.1513671875
1 0.78515625 0.3896484375 0.0126953125 0.01953125
1 0.8173828125 0.3916015625 0.009765625 0.015625
1 0.8623046875 0.3974609375 0.0087890625 0.0146484375
0 0.8662109375 0.4384765625 0.0185546875 0.095703125
0 0.814453125 0.4345703125 0.0146484375 0.1025390625
0 0.7900390625 0.458984375 0.025390625 0.1533203125