1 0.6806640625 0.3310546875 0.048828125 0.05859375
1 0.5732421875 0.3486328125 0.044921875 0.0625
1 0.4599609375 0.361328125 0.0390625 0.048828125
1 0.41796875 0.38671875 0.052734375 0.072265625
1 0.3349609375 0.3818359375 0.0546875 0.083984375
1 0.2333984375 0.3740234375 0.044921875 0.076171875
0 0.712890625 0.619140625 0.158203125 0.634765625
0 0.59765625 0.6083984375 0.1484375 0.59375
0 0.484375 0.666015625 0.1875 0.6484375
0 0.375 0.6416015625 0.1640625 0.609375
0 0.26171875 0.61328125 0.138671875 0.546875
1 0.03515625 0.5634765625 0.03125 0.044921875
0 0.0625 0.61328125 0.087890625 0.158203125
1 0.205078125 0.419921875 0.015625 0.021484375
1 0.1728515625 0.42578125 0.01171875 0.015625
1 0.12890625 0.435546875 0.009765625 0.015625
0 0.12890625 0.4775390625 0.029296875 0.09765625
0 0.1806640625 0.4677734375 0.025390625 0.103515625
0 0.20703125 0.4892578125 0.041015625 0.154296875