1 0.6865234375 0.3369140625 0.046875 0.056640625
1 0.5791015625 0.3515625 0.04296875 0.0625
1 0.46484375 0.359375 0.0390625 0.046875
1 0.4228515625 0.3837890625 0.048828125 0.072265625
1 0.33984375 0.3759765625 0.05078125 0.08203125
1 0.23828125 0.3642578125 0.04296875 0.076171875
0 0.708984375 0.6259765625 0.13671875 0.634765625
0 0.59375 0.6123046875 0.126953125 0.591796875
0 0.478515625 0.6650390625 0.166015625 0.646484375
0 0.3701171875 0.6376953125 0.14453125 0.607421875
0 0.2578125 0.60546875 0.119140625 0.546875
1 0.033203125 0.546875 0.029296875 0.044921875
0 0.05859375 0.5986328125 0.08203125 0.15625
1 0.2080078125 0.41015625 0.013671875 0.01953125
1 0.17578125 0.4140625 0.01171875 0.015625
1 0.1318359375 0.4228515625 0.009765625 0.015625
0 0.130859375 0.4638671875 0.025390625 0.09765625
0 0.181640625 0.45703125 0.021484375 0.103515625
0 0.2080078125 0.4794921875 0.03515625 0.154296875