1 0.8818359375 0.291015625 0.072265625 0.08984375
1 0.748046875 0.3564453125 0.068359375 0.08203125
1 0.5966796875 0.3271484375 0.068359375 0.080078125
1 0.4580078125 0.2470703125 0.076171875 0.07421875
1 0.21484375 0.298828125 0.0859375 0.099609375
0 0.9345703125 0.4912109375 0.130859375 0.458984375
0 0.7431640625 0.5126953125 0.15234375 0.388671875
0 0.5810546875 0.4677734375 0.16015625 0.3671875
1 0.939453125 0.302734375 0.0859375 0.08984375
0 0.435546875 0.4169921875 0.173828125 0.408203125
0 0.189453125 0.505859375 0.162109375 0.5078125
0 0.81640625 0.447265625 0.087890625 0.2578125
0 0.9765625 0.466796875 0.046875 0.26953125
1 0.7041015625 0.400390625 0.064453125 0.078125
1 0.82421875 0.341796875 0.07421875 0.0546875