1 0.1806640625 0.205078125 0.08203125 0.095703125
1 0.2939453125 0.30078125 0.076171875 0.087890625
1 0.4482421875 0.3095703125 0.07421875 0.083984375
1 0.6015625 0.2646484375 0.083984375 0.080078125
1 0.8251953125 0.3740234375 0.095703125 0.10546875
0 0.083984375 0.3828125 0.16796875 0.46484375
0 0.2607421875 0.4541015625 0.189453125 0.396484375
0 0.4296875 0.44921875 0.1953125 0.376953125
1 0.12109375 0.2021484375 0.09375 0.095703125
0 0.5830078125 0.435546875 0.212890625 0.41796875
0 0.7998046875 0.5810546875 0.212890625 0.513671875
0 0.2060546875 0.373046875 0.115234375 0.26171875
0 0.041015625 0.3515625 0.08203125 0.26953125
1 0.326171875 0.3544921875 0.072265625 0.083984375
1 0.2236328125 0.267578125 0.078125 0.0625