1 0.478515625 0.34765625 0.09765625 0.10546875
0 0.4931640625 0.650390625 0.224609375 0.69921875
0 0.6171875 0.5126953125 0.134765625 0.73828125
1 0.623046875 0.185546875 0.076171875 0.091796875
1 0.4931640625 0.23828125 0.083984375 0.09765625
1 0.216796875 0.79296875 0.08203125 0.14453125
1 0.1904296875 0.615234375 0.07421875 0.126953125
1 0.3447265625 0.578125 0.09375 0.11328125
1 0.0361328125 0.0869140625 0.064453125 0.0703125
1 0.6845703125 0.0625 0.05859375 0.064453125
1 0.8671875 0.462890625 0.076171875 0.1015625
1 0.947265625 0.1630859375 0.05078125 0.0625
1 0.9599609375 0.568359375 0.080078125 0.10546875
1 0.8515625 0.6328125 0.087890625 0.09765625
0 0.880859375 0.7763671875 0.1484375 0.3828125
0 0.697265625 0.166015625 0.10546875 0.251953125
0 0.34375 0.7431640625 0.119140625 0.435546875
0 0.2080078125 0.646484375 0.1328125 0.203125
0 0.9375 0.2890625 0.119140625 0.306640625
0 0.7861328125 0.091796875 0.103515625 0.18359375
0 0.8837890625 0.09375 0.087890625 0.1875
0 0.0478515625 0.2236328125 0.095703125 0.318359375
1 0.873046875 0.017578125 0.06640625 0.03515625
1 0.7900390625 0.015625 0.060546875 0.03125