1 0.443359375 0.5380859375 0.0673828125 0.1904296875
1 0.4794921875 0.41796875 0.0625 0.1552734375
1 0.236328125 0.1083984375 0.0439453125 0.08984375
0 0.591796875 0.6396484375 0.271484375 0.6572265625
0 0.3359375 0.6552734375 0.2822265625 0.51171875
0 0.7998046875 0.466796875 0.197265625 0.93359375
1 0.298828125 0.0400390625 0.0361328125 0.0712890625
1 0.1494140625 0.2490234375 0.041015625 0.095703125
0 0.1123046875 0.310546875 0.1103515625 0.19140625
0 0.9580078125 0.1962890625 0.07421875 0.3916015625
1 0.94921875 0.0390625 0.04296875 0.078125
1 0.6435546875 0.169921875 0.0625 0.28515625
0 0.447265625 0.203125 0.07421875 0.40625
1 0.1982421875 0.32421875 0.0341796875 0.11328125
1 0.6513671875 0.064453125 0.03515625 0.078125
1 0.6220703125 0.310546875 0.0546875 0.099609375