1 0.4677734375 0.349609375 0.103515625 0.111328125
0 0.5029296875 0.6484375 0.271484375 0.703125
0 0.6171875 0.50390625 0.18359375 0.740234375
1 0.6015625 0.177734375 0.08203125 0.09765625
1 0.474609375 0.2392578125 0.08984375 0.103515625
1 0.23828125 0.8115234375 0.091796875 0.150390625
1 0.19921875 0.63671875 0.08203125 0.130859375
1 0.3505859375 0.5888671875 0.099609375 0.119140625
1 0.021484375 0.119140625 0.04296875 0.07421875
1 0.6533203125 0.0498046875 0.0625 0.068359375
1 0.86328125 0.4375 0.08203125 0.107421875
1 0.921875 0.1328125 0.0546875 0.064453125
1 0.9599609375 0.53515625 0.080078125 0.109375
1 0.859375 0.6083984375 0.09375 0.103515625
0 0.8994140625 0.7490234375 0.173828125 0.390625
0 0.673828125 0.1533203125 0.123046875 0.255859375
0 0.361328125 0.7529296875 0.1484375 0.439453125
0 0.2197265625 0.666015625 0.14453125 0.208984375
0 0.921875 0.2587890625 0.138671875 0.3125
0 0.7578125 0.083984375 0.1171875 0.16796875
0 0.8544921875 0.08203125 0.103515625 0.1640625
0 0.0439453125 0.2568359375 0.087890625 0.322265625
1 0.837890625 0.005859375 0.0703125 0.01171875
1 0.755859375 0.0068359375 0.0625 0.013671875