1 0.5537109375 0.5419921875 0.080078125 0.1953125
1 0.5263671875 0.419921875 0.072265625 0.16015625
1 0.7900390625 0.1279296875 0.05078125 0.091796875
0 0.3984375 0.6328125 0.31640625 0.673828125
0 0.65234375 0.666015625 0.31640625 0.529296875
0 0.203125 0.458984375 0.26171875 0.91796875
1 0.732421875 0.0556640625 0.041015625 0.07421875
1 0.8671875 0.2744140625 0.046875 0.09765625
0 0.900390625 0.337890625 0.123046875 0.19921875
0 0.064453125 0.181640625 0.1015625 0.36328125
1 0.0830078125 0.0244140625 0.048828125 0.048828125
1 0.3798828125 0.1611328125 0.08203125 0.2890625
0 0.5732421875 0.2080078125 0.1015625 0.41015625
1 0.8134765625 0.345703125 0.04296875 0.115234375
1 0.37890625 0.0546875 0.041015625 0.080078125
1 0.3916015625 0.302734375 0.060546875 0.103515625