1 0.5556640625 0.5390625 0.0703125 0.19140625
1 0.521484375 0.41796875 0.064453125 0.15625
1 0.7705078125 0.11328125 0.044921875 0.08984375
0 0.40625 0.6376953125 0.283203125 0.662109375
0 0.6611328125 0.658203125 0.291015625 0.515625
0 0.2001953125 0.46484375 0.212890625 0.9296875
1 0.708984375 0.0439453125 0.037109375 0.072265625
1 0.8544921875 0.2548828125 0.04296875 0.095703125
0 0.890625 0.3173828125 0.11328125 0.193359375
0 0.0458984375 0.1923828125 0.080078125 0.384765625
1 0.0576171875 0.03515625 0.044921875 0.0703125
1 0.3623046875 0.1669921875 0.068359375 0.287109375
0 0.5576171875 0.2041015625 0.08203125 0.408203125
1 0.8046875 0.3291015625 0.037109375 0.11328125
1 0.3564453125 0.0615234375 0.037109375 0.078125
1 0.380859375 0.30859375 0.056640625 0.099609375