1 0.7841796875 0.25390625 0.05859375 0.08203125
1 0.7021484375 0.1953125 0.0546875 0.06640625
1 0.5126953125 0.240234375 0.056640625 0.06640625
1 0.4345703125 0.216796875 0.0546875 0.06640625
1 0.3427734375 0.2236328125 0.05078125 0.080078125
1 0.26953125 0.208984375 0.056640625 0.08984375
0 0.4873046875 0.5712890625 0.1171875 0.71484375
0 0.40625 0.513671875 0.1328125 0.650390625
0 0.314453125 0.51171875 0.0703125 0.625
0 0.236328125 0.5205078125 0.115234375 0.693359375
0 0.5810546875 0.5498046875 0.130859375 0.75
0 0.685546875 0.4169921875 0.109375 0.4921875
0 0.7568359375 0.58203125 0.17578125 0.7265625