1 0.748046875 0.216796875 0.06640625 0.0859375
1 0.658203125 0.169921875 0.060546875 0.072265625
1 0.4765625 0.2412109375 0.0625 0.072265625
1 0.3955078125 0.228515625 0.060546875 0.072265625
1 0.3056640625 0.248046875 0.05859375 0.0859375
1 0.2314453125 0.244140625 0.064453125 0.095703125
0 0.4970703125 0.572265625 0.19140625 0.720703125
0 0.4091796875 0.52734375 0.19921875 0.658203125
0 0.3173828125 0.537109375 0.134765625 0.626953125
0 0.2412109375 0.5576171875 0.185546875 0.69921875
0 0.5869140625 0.5380859375 0.208984375 0.7578125
0 0.671875 0.392578125 0.16015625 0.5
0 0.765625 0.544921875 0.251953125 0.73828125