1 0.3017578125 0.2470703125 0.044921875 0.0703125
0 0.30078125 0.583984375 0.1083984375 0.728515625
1 0.41015625 0.25 0.0419921875 0.0703125
0 0.4140625 0.5595703125 0.09765625 0.666015625
1 0.5205078125 0.25 0.037109375 0.0537109375
1 0.5693359375 0.2734375 0.044921875 0.0869140625
1 0.650390625 0.2568359375 0.046875 0.0869140625
1 0.751953125 0.2431640625 0.0419921875 0.080078125
0 0.74609375 0.5224609375 0.083984375 0.6142578125
0 0.638671875 0.5595703125 0.107421875 0.693359375
0 0.5322265625 0.6064453125 0.1259765625 0.73828125
1 0.970703125 0.4326171875 0.0283203125 0.0546875
0 0.951171875 0.4970703125 0.0810546875 0.169921875