1 0.29296875 0.25390625 0.046875 0.072265625
0 0.3037109375 0.5908203125 0.1328125 0.732421875
1 0.4013671875 0.2529296875 0.044921875 0.072265625
0 0.416015625 0.5625 0.12109375 0.669921875
1 0.51171875 0.2490234375 0.0390625 0.0546875
1 0.5615234375 0.271484375 0.048828125 0.087890625
1 0.6416015625 0.251953125 0.05078125 0.087890625
1 0.7431640625 0.234375 0.044921875 0.08203125
0 0.7470703125 0.513671875 0.10546875 0.6171875
0 0.640625 0.5546875 0.130859375 0.697265625
0 0.5361328125 0.60546875 0.15234375 0.7421875
1 0.9677734375 0.416015625 0.029296875 0.0546875
0 0.951171875 0.4814453125 0.087890625 0.171875