1 0.2890625 0.2578125 0.048828125 0.072265625
0 0.3056640625 0.5947265625 0.146484375 0.732421875
1 0.3974609375 0.2548828125 0.044921875 0.072265625
0 0.4169921875 0.564453125 0.1328125 0.669921875
1 0.5078125 0.2490234375 0.0390625 0.0546875
1 0.5576171875 0.2705078125 0.048828125 0.08984375
1 0.6376953125 0.2490234375 0.05078125 0.08984375
1 0.73828125 0.23046875 0.046875 0.08203125
0 0.7470703125 0.509765625 0.115234375 0.6171875
0 0.6416015625 0.5517578125 0.14453125 0.697265625
0 0.5380859375 0.6044921875 0.1640625 0.744140625
1 0.966796875 0.408203125 0.03125 0.056640625
0 0.9501953125 0.4736328125 0.08984375 0.173828125