0 0.576171875 0.72265625 0.19921875 0.484375
0 0.3779296875 0.7138671875 0.1640625 0.439453125
0 0.4541015625 0.619140625 0.072265625 0.203125
0 0.7587890625 0.80078125 0.091796875 0.25390625
0 0.841796875 0.7177734375 0.2109375 0.423828125
0 0.6748046875 0.599609375 0.060546875 0.232421875
0 0.6357421875 0.6064453125 0.060546875 0.23828125
0 0.962890625 0.6982421875 0.07421875 0.380859375
0 0.8544921875 0.515625 0.0859375 0.14453125
0 0.783203125 0.537109375 0.072265625 0.115234375
0 0.72265625 0.5966796875 0.05859375 0.189453125
0 0.9208984375 0.556640625 0.06640625 0.193359375