0 0.560546875 0.7275390625 0.166015625 0.4765625
0 0.36328125 0.705078125 0.134765625 0.43359375
0 0.4462890625 0.615234375 0.05859375 0.201171875
0 0.7373046875 0.818359375 0.07421875 0.25
0 0.826171875 0.7412109375 0.18359375 0.4140625
0 0.6669921875 0.611328125 0.044921875 0.232421875
0 0.6279296875 0.615234375 0.04296875 0.23828125
0 0.9619140625 0.7314453125 0.076171875 0.376953125
0 0.8525390625 0.5400390625 0.076171875 0.140625
0 0.779296875 0.556640625 0.064453125 0.111328125
0 0.71484375 0.611328125 0.046875 0.1875
0 0.916015625 0.5859375 0.052734375 0.19140625