0 0.447265625 0.7294921875 0.150390625 0.4716796875
0 0.6435546875 0.7001953125 0.1201171875 0.4287109375
0 0.5576171875 0.61328125 0.0517578125 0.19921875
0 0.2744140625 0.826171875 0.06640625 0.248046875
0 0.1826171875 0.751953125 0.1689453125 0.4091796875
0 0.3369140625 0.6171875 0.0361328125 0.23046875
0 0.3759765625 0.6201171875 0.03515625 0.236328125
0 0.0390625 0.748046875 0.0771484375 0.375
0 0.1494140625 0.552734375 0.072265625 0.1376953125
0 0.22265625 0.56640625 0.060546875 0.109375
0 0.2890625 0.619140625 0.0400390625 0.185546875
0 0.0869140625 0.6005859375 0.046875 0.189453125