0 0.443359375 0.5078125 0.19921875 0.6328125
0 0.322265625 0.541015625 0.13671875 0.46875
0 0.240234375 0.5 0.125 0.46484375
0 0.166015625 0.498046875 0.087890625 0.404296875
0 0.11328125 0.501953125 0.095703125 0.33984375
0 0.271484375 0.3505859375 0.02734375 0.060546875
0 0.291015625 0.3583984375 0.025390625 0.056640625
0 0.5107421875 0.322265625 0.0390625 0.1171875
0 0.5517578125 0.53515625 0.09375 0.53515625
0 0.587890625 0.3037109375 0.01953125 0.0703125
0 0.623046875 0.51171875 0.083984375 0.5234375
0 0.693359375 0.505859375 0.0859375 0.484375
0 0.75390625 0.5029296875 0.07421875 0.416015625
0 0.8037109375 0.5126953125 0.05859375 0.37890625
0 0.8427734375 0.509765625 0.05859375 0.357421875
0 0.8779296875 0.5029296875 0.04296875 0.326171875