0 0.556640625 0.5078125 0.19921875 0.6328125
0 0.677734375 0.541015625 0.13671875 0.46875
0 0.759765625 0.5 0.125 0.46484375
0 0.833984375 0.498046875 0.087890625 0.404296875
0 0.88671875 0.501953125 0.095703125 0.33984375
0 0.728515625 0.3505859375 0.02734375 0.060546875
0 0.708984375 0.3583984375 0.025390625 0.056640625
0 0.4892578125 0.322265625 0.0390625 0.1171875
0 0.4482421875 0.53515625 0.09375 0.53515625
0 0.412109375 0.3037109375 0.01953125 0.0703125
0 0.376953125 0.51171875 0.083984375 0.5234375
0 0.306640625 0.505859375 0.0859375 0.484375
0 0.24609375 0.5029296875 0.07421875 0.416015625
0 0.1962890625 0.5126953125 0.05859375 0.37890625
0 0.1572265625 0.509765625 0.05859375 0.357421875
0 0.1220703125 0.5029296875 0.04296875 0.326171875