1 0.8373291326498657 0.3476669199208544 0.8110123864623396 0.3671187778361752 0.7979832970825741 0.4014339912149357 0.8634770699218705 0.4321587633952326 0.8691257444515882 0.4271815464069601 0.8707600417015517 0.3933574908166578 0.8634809122008168 0.3603292663733264 0.8373291326498657 0.3476669199208544
1 0.33536593595849 0.4561571995283053 0.312771237839619 0.47606606748139535 0.30356163959887483 0.520301567086012 0.30845684679087304 0.5624883943589173 0.31645568184622347 0.5691413148190106 0.33056048727896564 0.5670926424872993 0.3531551853978367 0.5471837745342093 0.3589350647810251 0.5308810934560838 0.3471167385866533 0.5143078867701343 0.36138651065597044 0.4801450100706302 0.3663492414141771 0.48075435678765593 0.3615177155094412 0.4688195459807773 0.3502541282331098 0.45798523967938254 0.33536593595849 0.4561571995283053
1 0.5155311779293672 0.3837655928188763 0.5035478850984205 0.39930659050071954 0.5012614058600501 0.41792846951838036 0.5202614184847905 0.45806662445957425 0.5252241492429971 0.4586759711766 0.5347260766948404 0.44283030013624386 0.5383844434762333 0.41303529370798653 0.5284927437429242 0.3910278599959953 0.5155311779293672 0.3837655928188763
1 0.5282901730442989 0.5157603016636341 0.5308352197106643 0.5463169914881735 0.5433394896765472 0.5573036344688247 0.5596970125645557 0.5574218233973921 0.5668150177076622 0.5507347551866101 0.5567621936167246 0.4890120288205053 0.5380207484199793 0.4980524427215117 0.5282901730442989 0.5157603016636341
1 0.5298531044491076 0.5953432236511174 0.5164004810047723 0.6125940725554703 0.5128733190768501 0.6310636148938746 0.544902421081356 0.636886556456308 0.5479722871616041 0.6221413899214359 0.542031283420787 0.5987287783454478 0.5298531044491076 0.5953432236511174
1 0.5192040950991327 0.6923293312222101 0.5120860899560262 0.6990163994329922 0.5064036536432042 0.7247823566992045 0.5119211233194513 0.731130603800785 0.5382041077238731 0.732467486163404 0.5402619390384065 0.7157077950475091 0.5353329700633042 0.6943097080525438 0.5192040950991327 0.6923293312222101
1 0.5125771475868045 0.6745032833515202 0.5191066520287663 0.6828660550341231 0.533994844303386 0.6846940951852003 0.5425184987726192 0.6460451592858819 0.521198245126404 0.6453176236402888 0.5125771475868045 0.6745032833515202
0 0.8544700423797518 0.35166182133221063 0.8333784366573738 0.3490720977848512 0.8124817170757284 0.36540892661366553 0.7935753052424082 0.4065635448824646 0.7977208873756328 0.42408491939464155 0.7932791337523625 0.45000321334011023 0.77959786238419 0.4691162501462293 0.7400195366141152 0.5965750063639829 0.7398883317606445 0.6079004704538358 0.7466464841264434 0.6144010542346726 0.7273713417017349 1 0.7828829321816192 1 0.7909020772741056 0.9411795550450878 0.7930274321548476 0.8828423833733134 0.8111842189293945 0.817022312343786 0.8291760390673666 0.7833164456820512 0.8346298274563516 0.7594126763176049 0.8407396401126899 0.6788815865038941 0.8375086496748133 0.6539114603846529 0.8615128393987572 0.5302112277211203 0.8620038970295355 0.5056981116396485 0.8541700286107599 0.4669309868117624 0.8611905906835 0.4507806424128934 0.8718994390417908 0.4558760483297334 0.8648151956817886 0.44177437626257593 0.8707600417015517 0.3933574908166578 0.8665170164979606 0.3663728401163939 0.8544700423797518 0.35166182133221063
0 0.9565321139171907 0.37175451731755904 0.9463143231896782 0.3421459953192469 0.9281613786940777 0.3361365693268682 0.9141540163317018 0.3476485178466665 0.9084715800188796 0.3734144751128788 0.9187868138167585 0.4124862732992776 0.9169576304260622 0.42738377651340625 0.89367698853568 0.4528792081717946 0.8801568415251362 0.5117075376320271 0.8789460783397424 0.5625959576967371 0.885246934857867 0.5728209172811061 0.8709733205096035 0.6788132910025163 0.8669426424795276 0.7526680744597074 0.8487607101143055 0.8802342577517661 0.828482410737963 0.9325620034311617 0.8522502679801771 0.9543829527132076 0.863873708033816 0.9520296070229834 0.8746500799583152 0.9155475323839439 0.9028259290406957 0.9322389279984609 0.9049474416424912 0.9457312533485929 0.920716463829355 0.9608992821705454 0.9296298905800536 0.9601034510235744 0.935181122039405 0.9456629578472151 0.9416807069772088 0.9029849727858515 0.9410661290508525 0.795164558913364 0.9596165303858114 0.6953680956142778 0.9485815910333172 0.682671601411117 0.949398739658299 0.6657595736159658 0.963181296375784 0.5842803159760276 0.9850263694358817 0.5397059952622091 0.9991311748686241 0.5376573229304977 1 0.5305813100752422 1 0.46575754911880807 0.9853263832048736 0.4244368297826573 0.9593058085073932 0.4004490192403324 0.9565321139171907 0.37175451731755904
0 0.6306522583507296 0.4205838321694305 0.6375753773531033 0.39497021158247464 0.6274887914790616 0.35403622549430974 0.6095644949072979 0.346164611600165 0.5888964232494897 0.3606392525272133 0.5824306000947902 0.3825284973106369 0.5838661689250746 0.4016073863660671 0.6059022858469588 0.44778911505032853 0.5779512424094692 0.5010650285559516 0.5697237594302816 0.49627429599762435 0.5584264103708462 0.5062287299741693 0.5731496360088911 0.5401709744930393 0.5560386457831629 0.5872168298256495 0.5496027421326213 0.6601468313530396 0.5537406397079536 0.8213271999090289 0.5464576679282722 0.8601284724876038 0.5164188736720913 0.8791233203651552 0.5162876688186205 0.8904487844550082 0.5255271865635226 0.8972540415943578 0.5610496887128464 0.9053961810963267 0.5663722722483607 0.8928178758217333 0.5767550296124482 0.8903121934522527 0.5842068103076506 0.7475672194839789 0.6464849618248556 0.4660038774574098 0.6392058323241205 0.4329756530140784 0.6306522583507296 0.4205838321694305
0 0.13434926302591077 0.3086084037228904 0.11946107075129092 0.3067803635718132 0.1044416736232004 0.3162777875105889 0.0952658371655605 0.33972454683726583 0.09111641275338932 0.39403266934699505 0.06548561033737454 0.4078979635570176 0.0541544994948347 0.4386411378115023 0.0806661318230935 0.4381158322723553 0.08592119179239939 0.46711500755364155 0.10296465845191907 0.46164663277691087 0.1323850325027974 0.40666086804877816 0.14903872688085146 0.3633393885197001 0.14985587550583326 0.34642736072454894 0.14414351968885333 0.3211525612467948 0.13434926302591077 0.3086084037228904
0 0.1035792363782754 0.5694670466493984 0.0882337482559815 0.5713633823018532 0.0644658910137673 0.5495424330198074 0.05205906411825077 0.5480190662272431 0.04742242435424763 0.5550108077965381 0.037358073426471135 0.7087765724961519 0.04241824725504415 0.7188491954012645 0.06295511405938173 0.7157000185640692 0.07421870133571296 0.726534324865464 0.06909100394093148 0.7580391825162309 0.08995396173947255 0.7624910939653563 0.09605993211686437 0.7537895011735517 0.11369574175647514 0.6614417894815297 0.1269534790600777 0.6252643882010032 0.12408234139950874 0.5871066100901429 0.1360993960135597 0.5507768721303599 0.13476127025364157 0.5411612592630165 0.1081184330719121 0.5530120288920166 0.1035792363782754 0.5694670466493984
0 0.22645211126383216 0.3482711465521271 0.2269431688946106 0.3237580304706551 0.2442828070441758 0.27484998723627885 0.24150911245397327 0.24615548531350537 0.230474173101479 0.23345899111034457 0.20667255407616061 0.23242678210623843 0.19413452232717346 0.242228879403527 0.1888119387916591 0.25480718467812025 0.18094046631083305 0.30865829715008025 0.07501361501442946 0.514922546282534 0.05594607882348062 0.5163618718972196 0.050852143211803376 0.5270779892700468 0.06289911733001224 0.5417890080542302 0.08715803220300472 0.5390968412548042 0.09120617126586315 0.5471549395788942 0.09607145895370334 0.5383010101078332 0.11468169929697808 0.5405860602966797 0.1347950320367459 0.5203725189850769 0.14266266223862567 0.5383509035350229 0.13919918159796563 0.587072462339454 0.1428874678835163 0.6083182126551632 0.13227606259559194 0.6126860829264098 0.10598539363327764 0.7550081946076033 0.10654013255131814 0.7607470949921578 0.13967871239190505 0.7780478373237006 0.15786541867061 0.7632685230381395 0.17657310208425117 0.7750168494150729 0.17924551132514088 0.8660775721716656 0.16758446720945136 0.9610491551617357 0.20232358251689764 0.9653145821809159 0.20663413128669741 0.9507217523253002 0.21884991432042747 0.8614890697197846 0.22058549691970375 0.765298793295663 0.23818754477621026 0.6937398218815808 0.24844678184471952 0.5589006095581406 0.25367192230986746 0.5368590280954605 0.26565521514081414 0.5213180304136172 0.2772786551944531 0.518964684723393 0.28567110481021546 0.4916412129139275 0.27594437171348135 0.4375195748341436 0.27744746410997423 0.41502098333369414 0.2654342517748696 0.379521224271571 0.22645211126383216 0.3482711465521271
0 0.30709648608468965 0.35817303070379536 0.30331075672877245 0.3274640041999993 0.30840469234044976 0.3167478868271722 0.3114108771334357 0.2717507038262733 0.30060458570477844 0.2571920217213464 0.2788270362108893 0.26018886187928525 0.26263063768050926 0.2997859656048312 0.26011551051830173 0.3202700325242581 0.2673946400190368 0.35329825696758943 0.2606027258701337 0.36758641346469234 0.27780731688728194 0.4018333313420751 0.2784257370925846 0.4378242481926565 0.28759773127127825 0.4862069858878857 0.27976002057355637 0.5192693580819058 0.2624879059901996 0.5265999207604026 0.2494588166104342 0.5609151341391632 0.24135485392682468 0.6884579315347954 0.22283821437496995 0.767465654555942 0.22355407765063906 0.8129198475946101 0.21254521552335642 0.9230936071573217 0.229131386335202 0.9213496081841233 0.25770084997799425 0.9040646115290816 0.2586829652395509 0.8550383793661376 0.27298649909197237 0.8000867623886937 0.28064178212033697 0.717225712781185 0.3028718535484174 0.5977176278132165 0.3057468334879326 0.5640459089021705 0.3012114790732422 0.5086714296376462 0.30859189392328995 0.4793334332471582 0.3345825491166124 0.45228048704551677 0.33634805122004674 0.4071309673653615 0.3283829779478005 0.37968930662732836 0.30709648608468965 0.35817303070379536
0 0.771374221683949 0.39249602056599586 0.7630454533554488 0.45007150884148805 0.7507360695302986 0.4580114182370105 0.7397648114650666 0.47556694049987625 0.7268968464429296 0.5495974465327503 0.7364624551820351 0.5640037919584208 0.7461592687746114 0.5670846732942384 0.7526250919293108 0.5451954285108146 0.7702570592899753 0.5246772138406989 0.7737504594347933 0.5269964117802343 0.7644134986195246 0.5107278784527978 0.7788144755423125 0.4652395376634406 0.7941937254477107 0.4425544617330459 0.8002697763209446 0.3828121121972749 0.7868509146597136 0.379274220823688 0.771374221683949 0.39249602056599586
0 0.753175988568405 0.6227638259172755 0.7376356143053783 0.6057336091935568 0.7318557349221899 0.6220362902716823 0.7196061901053556 0.7320577131551376 0.7003399254947277 0.7863999834155557 0.681823285942873 0.8654077064367021 0.6864261639237718 0.8792047051453469 0.7283807274446908 0.8862463401418318 0.7292953191400391 0.8787975885347674 0.7143096837950531 0.8675062721956033 0.7114047843513798 0.8501372343626828 0.7532358275767209 0.7248453394052083 0.7610436187702848 0.6407422104672218 0.7615346764010631 0.6162290943857498 0.753175988568405 0.6227638259172755
0 0.8865290638884156 0.40852551963861033 0.8709211660591804 0.43307278347077127 0.8777767614953456 0.44903664343969496 0.8727802689540347 0.46921603700060893 0.861254271970762 0.48103265887892005 0.8635369089301862 0.5342402768831654 0.8397613671300794 0.6560783216449317 0.8335840309075327 0.7781868920145222 0.8503988496432153 0.7745807051395576 0.8587912992589777 0.7472572333300921 0.8586639366844535 0.6867532003980389 0.8638890771496013 0.6647116189353587 0.8727050608299336 0.6544525116003008 0.888283039155011 0.5788644910241736 0.876693360884476 0.560429096436458 0.8796021026070956 0.5059686372474723 0.887113722310614 0.46530517676713146 0.9055628382962603 0.42787493430186446 0.9011886082391982 0.4122157476914537 0.8865290638884156 0.40852551963861033
0 0.49401988042136563 0.2922820077752031 0.44987628073244235 0.3133255279844659 0.44386775342541696 0.33149039696435745 0.44847063140631577 0.34528739567300215 0.4407641255620646 0.36702430377716944 0.43968456723014154 0.4065872597520265 0.4507195065826358 0.41928375395518735 0.4503596538053281 0.43247140594680633 0.4225735770044134 0.4536331150846368 0.3950460676314936 0.5239733930646675 0.3813985580464255 0.5222976895928467 0.3539424145186606 0.4792309899950916 0.348751035836617 0.4804838311798319 0.3425138606057544 0.5005108880614896 0.3450926690552242 0.5102788376080893 0.3580542348687812 0.5175411047852083 0.36575689843408604 0.5676336937029473 0.38691218544372635 0.6004754337163332 0.39510590663980955 0.6260549065526002 0.38410088679147325 0.6643991690934058 0.37730128808467756 0.822346319634321 0.3820315286401008 0.896647351275019 0.3995921301556104 0.9895361141826889 0.4417753416003666 0.9947155612774077 0.45441850097761277 0.8507177461243937 0.4923962912808284 0.7362943052190027 0.5131058092796335 0.5573719299702024 0.5255801597413584 0.5173178162068871 0.5215995442447086 0.4676822373269176 0.49900868840478385 0.4157616082581014 0.502535850332706 0.39729206591969707 0.513278460474101 0.38159873155859736 0.5284628242387663 0.33998710325202885 0.5236650601171347 0.30726355216721046 0.49401988042136563 0.2922820077752031
0 0.3481065384061027 0.3216226605633781 0.3223107693535129 0.3676021591411933 0.3380460297572725 0.40355892824108575 0.3321011837375092 0.4519758136870039 0.35972229390184896 0.4629283089169662 0.36028087509883583 0.3968377122796147 0.3728864304140314 0.3454581344264466 0.36198269591500787 0.3214361761334328 0.3481065384061027 0.3216226605633781
0 0.30901158570891346 0.568227294743472 0.30584427655829904 0.5735091850902574 0.2815776771274138 0.7198603459334958 0.27755945756871336 0.762843004353372 0.28160759663157175 0.7709011026774621 0.3068785462702789 0.7702234604590588 0.2881071815693756 0.7282231176160987 0.3045322280235926 0.6867638259887867 0.3132845304166626 0.6462527021877021 0.3183784660283398 0.635536584814875 0.3344098979221449 0.6280536854571218 0.3431959620983193 0.5667538213780975 0.317239068688101 0.5730180273017993 0.30901158570891346 0.568227294743472
0 0.05925996194335097 0.21243652937295665 0.04414312174489407 0.2124706771236455 0.03114779414823283 0.22599715022446623 0 0.4796755762349142 0 0.7477671375103576 0.00582002905274355 0.6784405148522465 0.023422076909250078 0.6068815434381644 0.030412719477832126 0.5396904422953289 0.022642532346318852 0.5311753339334696 0.022676294129423014 0.5103865936555299 0.04311571786339428 0.49777414063024766 0.07050818010389692 0.510588823761976 0.058266319844955346 0.476951252601619 0.07498369551027159 0.4638817895385676 0.08366847433713318 0.4649481462933627 0.08549765772782957 0.45005064307923404 0.08020883597541939 0.4418402080758875 0.06780200907990291 0.4403168412833231 0.04579581166217665 0.4451758693430281 0.03819443344618447 0.33271705959146985 0.062029814254607185 0.3129605283176362 0.06464238448718111 0.30193973758629616 0.08475571722694888 0.2817261962746932 0.08658490061764527 0.26682869306056456 0.07907712319307311 0.23566265651899931 0.05925996194335097 0.21243652937295665
0 0.4212093740192838 0.32114724845142084 0.39998656344343503 0.32988298899391444 0.3919539666049804 0.34401880881176095 0.3830366975753354 0.4166441369806381 0.3723915305043068 0.4418007475298247 0.368733163722914 0.471595753958082 0.3782987724620195 0.4860020993837525 0.38668737979883555 0.5305081245961931 0.3955033634791677 0.5202490172611353 0.4217901901625358 0.44975640260184807 0.4374955310621374 0.43467241495777414 0.44327541044532587 0.4183697338796487 0.43589883787422445 0.3758782332482306 0.44360534371847565 0.3541413251440633 0.4389050226672103 0.33088105024733167 0.4212093740192838 0.32114724845142084
0 0.36520215951604557 0.5618947933183925 0.3594859614201193 0.6084494908625446 0.36682492992917015 0.7435592287938086 0.3624806193762662 0.7789407989273642 0.3479821993831119 0.8149658635286345 0.33952222620114114 0.8838668158939795 0.32479515828414984 0.9217540683970158 0.3288432973470083 0.9298121667211059 0.35264491637232676 0.9308443757252121 0.34719112798334173 0.9547481450896582 0.3562994408747733 0.9728788663188608 0.3857497344298094 0.9689338583346945 0.3918557048072013 0.9602322655428899 0.37432502279584956 0.9183842593791864 0.38000745910867156 0.892618302112974 0.3744938317113708 0.8144405579894874 0.3792018373205287 0.6940418388424067 0.38994828974087004 0.6065190074594008 0.37666063293310964 0.591655651995961 0.36520215951604557 0.5618947933183925