1 0.8514043511313816 0.38376191232370205 0.8231984980174482 0.40035636188889423 0.8066538668313776 0.433121682247662 0.8685772447100787 0.47052410433966185 0.8747152360528258 0.46616460033491636 0.8798761570037889 0.4326966670402683 0.8760892928816072 0.39908849844559957 0.8514043511313816 0.38376191232370205
1 0.3408506391459123 0.4391884292608697 0.3162986737749237 0.45662644527985136 0.30251565788141105 0.4996569530377798 0.3029743243912427 0.5421243649419598 0.31023392143929257 0.5495769459439335 0.32447560384263674 0.5490138500901851 0.3490275692136255 0.5315758340712035 0.3564798800130332 0.5159666226955987 0.34645866767242545 0.49824885429446464 0.3642212614394776 0.4657647227536265 0.36909311176340376 0.4668894780253458 0.365535580896138 0.45451501538276723 0.3554661901176909 0.4425626950760277 0.3408506391459123 0.4391884292608697
1 0.5275959004730857 0.38602578722491443 0.5140537767687704 0.40022905451087 0.5098333067060337 0.41850991876575244 0.5245336556192097 0.46041423481618415 0.5294055059431358 0.46153899008790344 0.5405117044854881 0.4467733451660883 0.5472644565858669 0.4175239623582764 0.5397273478450618 0.3946031234986074 0.5275959004730857 0.38602578722491443
1 0.5264877964027782 0.5186310933959896 0.5258248572073072 0.5492864202934507 0.537112210566736 0.56151992941812 0.5533677711257695 0.5633472976257196 0.561145772055772 0.5574408960134156 0.5575998001227878 0.4950054869467742 0.5380160419514042 0.502037362048686 0.5264877964027782 0.5186310933959896
1 0.5197234853681181 0.5979414226278644 0.5045413520765475 0.6136915875213783 0.4991029194328293 0.631691262958331 0.5303478995320758 0.6408302586499949 0.5349422381632466 0.6264867560640187 0.5314810641716599 0.6025813972326508 0.5197234853681181 0.5979414226278644
1 0.49899500362286886 0.693283105571183 0.4912170026928665 0.6991895071834868 0.482872419443072 0.7242203395044626 0.48769609132915875 0.7311105428705765 0.5136953525360447 0.7351874216216148 0.5174937755925078 0.7187346437922205 0.5148285171756288 0.6969385602042708 0.49899500362286886 0.693283105571183
1 0.49426768861246106 0.67486200601628 0.4998872760732557 0.683861484625812 0.5145028270450341 0.6872357504409699 0.5270197019197259 0.6496895019595063 0.5058922910367659 0.6467373784801874 0.49426768861246106 0.67486200601628
0 0.8680337802588496 0.38952664220020794 0.8473284163821633 0.38474643229540084 0.8248385076047035 0.3988094642813358 0.8017338380696122 0.43776237507033733 0.8040252279180569 0.4556210969893807 0.7968986072492439 0.4809331181282864 0.7812944269513997 0.4985113694472886 0.7286098474735936 0.621134831690799 0.7272955280169331 0.6323845390616583 0.7333371624840015 0.6395559312457021 0.6771399978577279 1 0.7356410240105998 1 0.7431926643432414 0.9691702743800026 0.7514042712137988 0.9113748399181477 0.7763416640875033 0.8478132391440094 0.7977581455974998 0.8161726740569609 0.8056806818410207 0.7929699281614733 0.8201748153678438 0.7135186454116892 0.8195716135444937 0.688347577790693 0.8563745010317003 0.5678341090084892 0.8594251869512949 0.5435066078412824 0.8556865012669529 0.5041329911522191 0.8643567746473421 0.48880496859454425 0.8744743438636287 0.4949918408068892 0.8689029348406735 0.4802269141029627 0.8798761570037889 0.4326966670402683 0.878477039605731 0.40541632417585377 0.8680337802588496 0.38952664220020794
0 0.967436486455223 0.42017765979033694 0.960369603158531 0.38966328641078507 0.9429442584563553 0.38178928129086115 0.9278103036026241 0.3917739980899805 0.9194657203528297 0.41680483041095634 0.9256403311991349 0.45674082473587924 0.9222639551489455 0.47136551613978517 0.8964458487591357 0.4942877914352316 0.8768505316534707 0.5513806129612063 0.8703271128080079 0.6018637017211084 0.8755246532625288 0.6126912667561285 0.8502500113239482 0.7166110041910287 0.8385214867501122 0.7896398828364772 0.807104859808355 0.9146067157796189 0.7814679082356217 0.9645281451215499 0.8028246523734975 0.9887139745529588 0.8146304096148788 0.9875885010633507 0.8291611626452599 0.9524327166432351 0.8554379355449012 0.9719778532519687 0.8561374942439303 0.9856180246841759 0.8682537801118176 1 0.8804534374059335 1 0.8862126902000345 0.9887103834635155 0.8971377339253105 0.9469455844952157 0.9077968248921124 0.8396515812451574 0.9366771761357984 0.7423408583584412 0.9270298323636249 0.7285604516262135 0.9296102928391063 0.7118264849788895 0.9518342488580923 0.6322342487111962 0.9782189375676941 0.5901875427070777 0.9924606199710385 0.5896244468533295 1 0.5569678041508228 1 0.5147230363964396 0.990566216559591 0.4755811937550666 0.9671955942660257 0.44900490026230977 0.967436486455223 0.42017765979033694
0 0.6382377815910484 0.4346757620341073 0.6478003274218245 0.4099261185310614 0.6420477635817929 0.36816203778065026 0.6250444658858908 0.35845994623523797 0.6029766041147047 0.37069489179568477 0.5942581522964759 0.3917883624477542 0.5936915699766839 0.4109127931564262 0.6107796656139836 0.45914493493711217 0.5774128915490873 0.5092073177969525 0.5697312474947638 0.5035828232204671 0.5574552648092693 0.512301831229958 0.5685499044173403 0.5475971327322056 0.5466150190253908 0.5925966804335315 0.532591110942681 0.6644544286634327 0.5198584044480685 0.8251843623706006 0.5085594921543584 0.863011799669994 0.47669975129748043 0.8787626827813967 0.47538543184081994 0.890012390152256 0.4838629914698513 0.8977461599721593 0.5183398123057688 0.9095568085431011 0.5249480290926292 0.8976037700184727 0.5355358237530288 0.896197107710935 0.5578676955819752 0.7550130288303896 0.6492360643234404 0.4815019597251442 0.6454492002012588 0.44789379113047545 0.6382377815910484 0.4346757620341073
0 0.15635820546291215 0.2714359572843431 0.14174265449113363 0.2680616914691851 0.1258127840626946 0.2759371330248864 0.11423636007622918 0.29829631246658445 0.10443292205625587 0.3518731964416032 0.0774932099611436 0.3629833867303307 0.06301063536860191 0.39237372305605184 0.08943194358176168 0.3946225153816018 0.0916269765545275 0.4240121334894343 0.10914867813238226 0.42035524242056915 0.14415546178453378 0.3687459619531705 0.1652462531639357 0.32740258710282105 0.1678267136394172 0.31066862045549704 0.16478758665410406 0.284935175198641 0.15635820546291215 0.2714359572843431
0 0.0984895871655802 0.5276492456706273 0.0830299421812543 0.5279311527064459 0.061673198043378535 0.503745323275037 0.04949357223356318 0.5009334350957386 0.04415149646552384 0.5074022143439021 0.01806938001795392 0.6592736229594471 0.02204895789149324 0.6698199991765377 0.042802500206019015 0.66883476098695 0.05287189098446601 0.6807870812936897 0.04447912929683216 0.7115833617090601 0.06476244616724476 0.7181916580393554 0.07174453152253926 0.7101759811836336 0.09893669474113034 0.6201776039988702 0.11590337293347455 0.5855841972146142 0.11703653757305862 0.5473353357972703 0.13278525318442125 0.5124607401950844 0.1324595630538265 0.5027579304317834 0.1047239353840062 0.5117588454770928 0.0984895871655802 0.5276492456706273
0 0.243810619104386 0.32050879264726373 0.24686130502398063 0.2961812914800569 0.2692182374222036 0.24935365735324277 0.26945912961140084 0.2205264168812699 0.25981178583922737 0.2067460101490421 0.23624844979430443 0.20323150903386353 0.22275450452782858 0.21166932822542453 0.21614628774096822 0.22362236675005273 0.20268896197805034 0.2763556842712821 0.07578190406748596 0.4704176252804094 0.056668371340215545 0.46985596586243844 0.05048220155962886 0.47998091796157843 0.0609254609065102 0.4958705999372244 0.08533289096398047 0.49572892820142633 0.08851655326281198 0.5041660291750987 0.09428067603712498 0.495869163501447 0.11255011475184806 0.5000869957703944 0.13466615496087375 0.48208660211555315 0.14061143255226313 0.5007888904883859 0.1320741355511108 0.54888151518694 0.13352143138700812 0.57039640995696 0.1225115897203348 0.5736311586899859 0.08148823217039161 0.7124254917270723 0.08144005373255211 0.7181909398214668 0.11258867695611971 0.7388608317019196 0.13222061356534281 0.7260635085056133 0.14959777982967915 0.7397029617199319 0.14273711191934002 0.8305441871405957 0.12121271459938297 0.9237765948404962 0.15531566686686626 0.9316498817425316 0.16112796807901875 0.9175875679744853 0.1826041869611363 0.8301206083689793 0.19438488363324102 0.7346386901256401 0.2193704549447849 0.6653116412571073 0.24366802649158117 0.5322834745323044 0.2511685157288283 0.5109088150623051 0.2647106394331437 0.49670554777634957 0.276516396674525 0.4955800742867415 0.2877189520925561 0.46928353317613714 0.28370275471545875 0.41444165862937854 0.28754935620976113 0.3922234327055897 0.2793126887699271 0.3556624224137135 0.243810619104386 0.32050879264726373
0 0.3229781868681864 0.33878606581270276 0.32242316348267575 0.30784955009731185 0.3286093332632624 0.2977245979981719 0.3363025362518674 0.2532881461505943 0.3270772394859676 0.23767965299287827 0.30510573459046036 0.23838370236453585 0.2848590372236058 0.2760709043639088 0.2802165201545954 0.2961798550442795 0.28400338427677696 0.3297880236389482 0.2757551579026615 0.34328795977113485 0.2892857226726953 0.37914563890924213 0.2861386798774218 0.4150040362652382 0.29020305569235866 0.4640804627176023 0.278952321836488 0.49614245192260115 0.26100857325235954 0.5016274294169546 0.2444639420662891 0.5343927497757226 0.22307252112556894 0.6603897596165021 0.19639876178893034 0.737029154186988 0.19235944654327017 0.7823091724883551 0.1698945983350868 0.8907286492280212 0.1865722059003942 0.8907279310101326 0.21679193717001694 0.8765239455062883 0.22289330900920612 0.8278689431718746 0.2428624946833055 0.7747134833148062 0.2591371794504729 0.693106550177776 0.2937374686910615 0.5765768182083066 0.30011635222300587 0.5433900737315884 0.3013940521761083 0.48784486803106086 0.3118006920194318 0.4594390516770383 0.34047677057747816 0.43525106759196336 0.34695201098510164 0.390533426926456 0.341899005844099 0.362409517608252 0.3229781868681864 0.33878606581270276
0 0.7811248310686048 0.4214512689767411 0.7668234112931395 0.4778407593489469 0.7537515130329373 0.48445049211501967 0.7410053049033298 0.5007630346443932 0.7204695369094385 0.5730429252101337 0.7284768710943567 0.5883702295499198 0.7377985247359353 0.5924478265188466 0.7465169765541639 0.5713543558667773 0.7661970916012265 0.5527915845760764 0.7694289323378977 0.555463237455354 0.7618436451592528 0.5383078466900796 0.7809205583829654 0.4945740077783823 0.7985867952743386 0.4736207724263334 0.8108743368941144 0.4148408179927796 0.7978987955095911 0.4099196545700633 0.7811248310686048 0.4214512689767411
0 0.738956749944796 0.648555409855234 0.7252816498612437 0.6299940750003103 0.7178293390618361 0.6456032863759151 0.6941465282726711 0.7537415742976514 0.6693054922746458 0.8057722788830005 0.6426317329380072 0.8824116734534864 0.6457672167989993 0.8966142225215532 0.6867558975460981 0.9080027287566558 0.6884440855711927 0.9006903830547028 0.674720807049801 0.8878944962941737 0.6736473797823378 0.8703169631930601 0.7283458374158335 0.7500839650108976 0.7449020275361853 0.6672576982280669 0.74795271345578 0.6429301970608601 0.738956749944796 0.648555409855234
0 0.8939733040936149 0.4494299154697036 0.8758850201959679 0.4722112372472408 0.8810343822126494 0.4888042503766556 0.873955939981676 0.5083508234211666 0.8612579102899078 0.5188979178561457 0.857966332181116 0.5720526594953254 0.821585491700183 0.6907380418520408 0.8026781743592655 0.8115319812342856 0.8197778289308466 0.8097031765909087 0.8309803843488778 0.7834066354803044 0.8371781130637459 0.7232207369571014 0.844678602300993 0.7018460774871021 0.8545186598245244 0.6925646918417517 0.8779123999866525 0.6190190924863826 0.8683132346523184 0.5994732376597602 0.8768987100913102 0.5456151648668117 0.8886196693912939 0.5059596411419299 0.9108802449138379 0.4706629032039049 0.9081668080591195 0.45463226771034987 0.8939733040936149 0.4494299154697036
0 0.515765082662428 0.29279481596079127 0.4696636594022057 0.30910879492594223 0.46178930159652437 0.32654609272703516 0.46492478545751637 0.3407486417951021 0.45498837105830625 0.36156092362924175 0.4497792716695038 0.4007943050182844 0.45942661544167734 0.41457471175051225 0.45769024897874316 0.42765250554685974 0.4278443862775546 0.44579385271961036 0.3931151143181584 0.5128713910447045 0.3797175259273614 0.5097783140474763 0.35691348595358835 0.4640775898460475 0.3516195886233885 0.4647809209998165 0.3433231838114335 0.4840463052263977 0.3448668365230098 0.49403030380762847 0.3569982838949857 0.5026076400813213 0.35942265012266733 0.5532309641412438 0.3770291496419196 0.5881041233076524 0.38250420178919575 0.6143999462003681 0.3675514017525411 0.651383817045972 0.34427907903536836 0.8077549649662832 0.34121683418149235 0.8821434125575528 0.34897171724293174 0.9763589037933746 0.3903824449963042 0.985919323602989 0.4180082141554504 0.8440319135686747 0.4677384645893409 0.734205056303582 0.5070370146106314 0.5584275706387806 0.5236298242345414 0.5198968021856181 0.5248593457498045 0.4701170445794851 0.5078194285503443 0.4161194547044046 0.5132578611940626 0.39811977926745196 0.5255820223173964 0.3836353231635666 0.5450328041095431 0.3438388459207755 0.5436818651493246 0.3107930549619665 0.515765082662428 0.29279481596079127
0 0.36758413585467187 0.3067226401719265 0.3371235123958518 0.34975386614774356 0.3490140675786305 0.38715844289340934 0.33804084541551516 0.4346886899561037 0.3643657967529959 0.4484683784704428 0.37182966648668503 0.38279822067077524 0.3897367955672555 0.33301774484675345 0.38140377125174246 0.3079876307436663 0.36758413585467187 0.3067226401719265
0 0.3029261459534032 0.5478898130363544 0.29922407977261917 0.5528116946769595 0.2597925533720916 0.6958245782008817 0.2513034348087788 0.7381517548050414 0.25448709710761036 0.7465888557787137 0.2796904427397885 0.7485564592863336 0.2654121408328863 0.7048240568104138 0.2860808852060145 0.6653087683855525 0.29901980708697984 0.6259344334786007 0.3052059768675664 0.6158094813794607 0.3219317628707133 0.6100433150671775 0.33707727665872594 0.5499976518439951 0.3106077900077267 0.5535143076128397 0.3029261459534032 0.5478898130363544
0 0.0917329496637743 0.1679419532747254 0.07669535168572211 0.16639577388505564 0.06235731240669886 0.17848976592759314 0 0.44858896020240935 0 0.5977136952910344 0.014860657149845892 0.5564800772320436 0.02883638679471633 0.49038777709653686 0.021998836752940263 0.4811071096690751 0.02420542865998742 0.4604357813528448 0.045851243424899976 0.4500289222178862 0.07175414775610713 0.4656366971577136 0.0630954333099994 0.4309037732913256 0.08108736033196726 0.4196533477025777 0.0896130983988381 0.4216216694280865 0.09298947444902744 0.4069969780241805 0.08858784956921434 0.39827868823257834 0.07640822375939893 0.39546680005328 0.05401467185761799 0.3979989358504259 0.058210081351078205 0.2853616268418122 0.08398000930304843 0.2682047996407604 0.08773025392167198 0.25751746990576074 0.1098462941306977 0.2395170762509194 0.11322267018088704 0.22489238484701346 0.10901375905243171 0.193112302677833 0.0917329496637743 0.1679419532747254
0 0.4403362005829698 0.3138911594844155 0.41831651724962304 0.32036065695046767 0.408850328294526 0.3335794042647245 0.39239049504985296 0.4048747748587661 0.37917406147613225 0.4287808519080225 0.3724213093757536 0.4580302347158345 0.3804286435606718 0.47335753905562067 0.38411915080717446 0.5184966038390785 0.3939592083307057 0.509215218193728 0.4274705177091205 0.441856491050704 0.44466652915638033 0.4284967902185379 0.452118839955788 0.41288757884293326 0.44922424828399327 0.3698577893028935 0.45916066268320355 0.34904550746875385 0.4569174512725982 0.3254213374553159 0.4403362005829698 0.3138911594844155
0 0.3594708285605069 0.5474655160468492 0.34891965340366515 0.5931676766840555 0.342095604996884 0.7283044004343876 0.3340767118776843 0.7630380425186643 0.3158920711043586 0.7973502604849907 0.3002763318722329 0.8649894582280557 0.2816696440926335 0.9011297626198702 0.284853306391465 0.9095668635935426 0.30841664243638806 0.9130813647087211 0.30049410619286726 0.9362841106042087 0.3076573463652382 0.9552675877949713 0.3373586737529084 0.9544225849054044 0.3443407591082029 0.9464069080496826 0.3312804197822821 0.9029556943916925 0.33962500303207654 0.8779248620707166 0.3423133793175184 0.7995990528105406 0.3595806870711808 0.6803520110358542 0.37941689636604314 0.5944319490379066 0.36775567443818036 0.5782610782443309 0.3594708285605069 0.5474655160468492