1 0.022624016170919248 0.4301831430678009 0 0.43639833622581925 0 0.4940931058361507 0.06300278625030638 0.47490187225695624 0.06734723477138027 0.4649878412719258 0.022624016170919248 0.4301831430678009
1 0.208810805735214 0.40345204694577064 0.18569688566192077 0.4105769838494533 0.18135243714084695 0.42049101483448376 0.19050632814289364 0.449370228520579 0.2135039997262121 0.43006847270285736 0.23175200527943166 0.42990018614452885 0.208810805735214 0.40345204694577064
1 0.3118685265374582 0.40052683602212524 0.31354917302443225 0.42157579685519314 0.3677717236850911 0.41811355654053156 0.336835813626801 0.3808777838490697 0.3171396585665569 0.38435074740240827 0.3118685265374582 0.40052683602212524
1 0.3882185373125114 0.3382750025079484 0.3898991837994855 0.35932396334101635 0.40015247883863264 0.3483680432899843 0.4346788744390473 0.3483787665286613 0.40727697788378103 0.3196678394008944 0.3882185373125114 0.3382750025079484
1 0.49034957460673073 0.3416118492189895 0.49150875509470515 0.3597034294123811 0.5309010652151934 0.3527575023057039 0.5069169336729762 0.32039460182759305 0.49365109112980504 0.3257830569546064 0.49034957460673073 0.3416118492189895
1 0.6184908309882925 0.3312144050363276 0.6464706655816594 0.31713281778729074 0.6329723260585388 0.298167635086226 0.614840568995294 0.31051274055859346 0.6184908309882925 0.3312144050363276
0 0.10559688646276 0.9583333787068515 0.1467263151093232 0.9266865174167624 0.10894826620138881 0.6894014735319908 0.07667715071427574 0.5639705878025791 0.06120919568513065 0.5453527014568482 0.05298198819110874 0.5102114301360665 0.05222802521215947 0.482900411668312 0.06537761926535585 0.4653351376272596 0.022624016170919248 0.4301831430678009 0 0.436549400475466 0 0.5437443317629618 0.04800973841637978 0.8160210884083785 0.07871645590649348 0.9325798322187611 0.09325772742761372 0.9574597761991785 0.10559688646276 0.9583333787068515
0 0.26061526898881515 0.8700128720652813 0.28031142404905923 0.8665399085119427 0.2841344065711333 0.8536684968872361 0.3029038781233527 0.8564575909685839 0.3151267886685242 0.8451543745622179 0.30661061215545204 0.831409360429838 0.2801320946964374 0.6927597667203858 0.2742199437665911 0.5901250468393884 0.2517404337704992 0.5087075743497874 0.22538146921323254 0.48591140850137315 0.22978238977340723 0.43024748249986267 0.20487157472316514 0.4041466396564384 0.18280058664787152 0.41718633783947345 0.18552416513284525 0.4441500599518941 0.1679736505194742 0.5173792599944569 0.1936384285486655 0.5707911213056358 0.2420185179656713 0.8336507018814926 0.26061526898881515 0.8700128720652813
0 0.4255979775349671 0.7921327025610809 0.4294209600570411 0.7792612909363741 0.4180084845299197 0.7721256307940144 0.39402104857592934 0.6360861213689046 0.398421969136104 0.5804221953673941 0.37686914264803706 0.4927426652431068 0.35670799362789385 0.44750835314028914 0.3672502576860913 0.4151561759008553 0.336835813626801 0.3808777838490697 0.3142433595525076 0.39096010139242865 0.31992301350240454 0.4692411834453478 0.31030743295223195 0.49533130305009526 0.32346033141720143 0.5814426379560419 0.3467502764313434 0.6444212338969173 0.3797753548974057 0.7971631380940833 0.39512706143657594 0.8036042055257752 0.4255979775349671 0.7921327025610809
0 0.5255833743823133 0.7257133127828976 0.5122012833491675 0.718924948995872 0.49453121583404847 0.6763007211773966 0.48131854091820503 0.5322626723409312 0.45912799994116354 0.42944894266292843 0.44406526242104355 0.40161161804283474 0.4336359424410477 0.34246400524930865 0.41422875639985385 0.32454071161424547 0.39939851585968333 0.32105702482222986 0.38874000331151115 0.3412323831476247 0.395751558278458 0.40403196929149476 0.3903077057202837 0.4537811340136526 0.3952333966912313 0.5047511975988174 0.42402697071442147 0.575907342748054 0.4667274061815303 0.7604858412709916 0.5217603918602391 0.7385847244076045 0.5255833743823133 0.7257133127828976
0 0.598748117124267 0.6914670904471429 0.580267614591098 0.6672817391773933 0.5699545431010768 0.6203109452979064 0.5672874366552041 0.5475973281690059 0.5741229666813021 0.5402933814683178 0.5668224426953051 0.4988900525128497 0.5433000007012136 0.4115578187438961 0.5237765661700451 0.3814577061947938 0.5303795992161936 0.34980012166602764 0.5113776306840248 0.3226573897566017 0.49706885614285407 0.32213108360426235 0.4871643065736312 0.3696174603974116 0.4958565080275521 0.4534660073743496 0.5336312525237134 0.5870744423121225 0.554489892483705 0.7053696678991744 0.5909859035901441 0.7050330947825176 0.598748117124267 0.6914670904471429
0 0.6523329532959512 0.6728706505787659 0.6103831763960185 0.4119265615765839 0.6022722173919713 0.3889621091698412 0.5853561128558017 0.37364889981912036 0.5784608063788297 0.32302613258928947 0.5596913348266104 0.3202370385079416 0.5553468863055364 0.33015106949297207 0.5646170257975579 0.3712071020931065 0.5516999287243112 0.41312601396223697 0.5580737692022834 0.46079140055239154 0.5937626497024454 0.5825703129314592 0.6074370141664148 0.6716390284770821 0.6174013401865115 0.6820793656144518 0.6523329532959512 0.6728706505787659
0 0.6944455374896402 0.5892118366375104 0.6804788995948474 0.4178627693332904 0.6404455705736115 0.3059978879392533 0.6162887185023187 0.3072080635635833 0.6246321744863154 0.3545261537984042 0.6106721454150688 0.39053030438818204 0.6248679758780379 0.4825564005734812 0.6494898219092297 0.5300535006053074 0.6683788463631969 0.6486960225476933 0.7122318534947338 0.6440128833700247 0.6944455374896402 0.5892118366375104
0 0.9104754418986707 0.8469048648380673 0.9086220748826211 0.8594289801074402 0.958094959513181 0.8751002090521718 1 0.8677112197866651 1 0.6520679972512557 0.9308459570163514 0.19075655213997034 0.9080774780012093 0.1307353368387712 0.8656128439258232 0.0741870850909106 0.859644220956876 0.017302260226393196 0.8516064827711716 0 0.7939465199440356 0 0.781786284223924 0.02493205680506122 0.7952281517079439 0.08964713452260598 0.8302195412682576 0.13836513341743917 0.8217664456178324 0.2862234421625772 0.8462188755317218 0.47097022724384324 0.899926569016927 0.6719038241835033 0.9404813640371629 0.7867260862172166 0.9362531640060638 0.8088169361162862 0.9433211910121113 0.8258666272436762 0.9104754418986707 0.8469048648380673