1 0.9201511531744015 0.37724215166669745 0.9945212338475278 0.382365953379986 0.9921637583410888 0.33738264100365384 0.9815488028584928 0.32591045059906143 0.9494354927125838 0.32458631370708013 0.9136878808645864 0.36855950492888867 0.9201511531744015 0.37724215166669745
1 0.7456037889582926 0.3713541705941923 0.7634219555501125 0.36741323589006386 0.7901721486225445 0.38104693848652466 0.7925950164239367 0.3508487197439981 0.7861317441141215 0.3421660730061894 0.7620074702462492 0.3404232484642645 0.7456037889582926 0.3713541705941923
1 0.6321856307281546 0.3472269227758472 0.6104188323667211 0.3904674106102546 0.6640304971759428 0.3816434939896246 0.6609330828700956 0.36075595345982214 0.652158221423246 0.34618020365098834 0.6321856307281546 0.3472269227758472
1 0.529539593014375 0.3375707528538501 0.5631786671285054 0.329793555358079 0.575633716646848 0.3381621863584302 0.5725363023410007 0.3172746458286277 0.5497806274075872 0.3034315994071951 0.529539593014375 0.3375707528538501
1 0.4528579232042144 0.32655384806953647 0.43676857198378316 0.3634825451829752 0.47671375337396615 0.36138910693325743 0.47377350410188146 0.34350045389521044 0.46699590172454103 0.32882003217389066 0.4528579232042144 0.32655384806953647
1 0.31614720264442137 0.35476842247335105 0.3465775837883464 0.36219500626132917 0.34547742855200825 0.34120279381904084 0.325033342755629 0.3332528504686333 0.31614720264442137 0.35476842247335105
0 0.9324490376589816 0.38261189517529315 0.9378580411018632 0.40939253877612064 0.9377467624375052 0.44548386058967215 0.9268633632567884 0.4671041045068759 0.9236351643610343 0.5965796262147909 0.9402028852010602 0.8362812817302572 0.9873971640698712 0.8578649276771255 0.9992235534531636 0.8542380087104549 1 0.8517458112455021 1 0.48690703921540796 0.9921637583410888 0.33738264100365384 0.9795515437889837 0.32601512251154735 0.9494354927125838 0.32458631370708013 0.9156851399340955 0.3684548330164028 0.9324490376589816 0.38261189517529315
0 0.7476010480278018 0.3712494986817064 0.7644108321220926 0.42449677014590376 0.7438554676613554 0.45263814860904783 0.7402670523286713 0.5370256860281448 0.7575942178936544 0.6383598292729156 0.7629837154109873 0.7794122132979089 0.7577777633712728 0.794720666494144 0.7722300719591246 0.8029846255820092 0.7898910735171817 0.7960448033861254 0.7965115108607596 0.8077263376156896 0.8164841015558509 0.8066796184908306 0.8264245105339922 0.7670660496230941 0.8144340815986305 0.5000603909443708 0.8274260185132143 0.44224415330112954 0.7938523366940374 0.3748398196780419 0.790440592320665 0.3479545041647285 0.7660019883852675 0.3402139046392928 0.7476010480278018 0.3712494986817064
0 0.6564670696297894 0.35196863480952756 0.6321856307281546 0.3472269227758472 0.6102616673329585 0.3874685231184991 0.6278113902266577 0.4166200227361667 0.6183424763498042 0.4652302540791697 0.6170656501541545 0.5555108945692917 0.6338754342484454 0.6087581660334891 0.6411050258015246 0.746706990654241 0.6315902255552667 0.7562270126919368 0.6382106628988445 0.767908546921501 0.670481138078516 0.7722315713052379 0.6839904564637922 0.7625022054425703 0.6818096519166649 0.6062460401338278 0.6903355755909426 0.539642483840292 0.6837805305423182 0.45277941849186903 0.6685423967856534 0.42952102194522634 0.6564670696297894 0.35196863480952756
0 0.5726934673747633 0.3202735333203832 0.5577696636856238 0.30301291175725154 0.5441031802665849 0.30974339012816376 0.5292252629468498 0.3315729778703391 0.5323685636221017 0.3915507277054487 0.523953918612182 0.4220629621854329 0.5254601766548544 0.5272333682218463 0.5449876526925138 0.6705519363511939 0.537358832851407 0.7160586082899556 0.5258467735356398 0.7256833022401372 0.5324672108792178 0.7373648364697015 0.5910163840300334 0.7463249009746327 0.5911012822505357 0.5568716294316082 0.603150228962544 0.48106206683783415 0.5964839052495616 0.4302903233029629 0.579988451222796 0.38304082682227647 0.5726934673747633 0.3202735333203832
0 0.4490205700989587 0.3297620793862637 0.4366114069500206 0.3604836576912197 0.4501666117047014 0.38984450113385904 0.43791461358952594 0.42356496693057066 0.43464052832436717 0.5139502793331785 0.43684083879704344 0.5559347042177551 0.4451442051426052 0.5615137915513225 0.45890246130045326 0.6329637317910246 0.4594198427711456 0.6810506035715981 0.4468535145884449 0.7087732943847985 0.457468470071041 0.7202454847893911 0.49310480325468053 0.7123636153811341 0.4868182019041768 0.592408115710915 0.4935694238376615 0.4537265877027618 0.4831770256837814 0.37007175367106615 0.46284421855176017 0.32603048850710703 0.4490205700989587 0.3297620793862637
0 0.40786395480807963 0.34695462700724466 0.4014006824982644 0.33827198026943595 0.3837396809402073 0.3452118024653199 0.3884087455836805 0.3960882179126771 0.375370922299692 0.4148142462506112 0.37263372443077447 0.4390146900096269 0.39045876554090103 0.7027074454591369 0.42656659382582834 0.7038222385261464 0.43392696996881447 0.6914080009091811 0.4272147598864276 0.6015460480690026 0.43459464195496256 0.4748600700278713 0.4300827423452519 0.42698254207226966 0.4080670062112468 0.38904372380430735 0.40786395480807963 0.34695462700724466
0 0.3433230044487365 0.33830857823977123 0.31951306064838925 0.3425635286813573 0.3056699062700389 0.46056685998467983 0.33060638575058 0.6306660717148549 0.3256034851140327 0.6880636217081526 0.36938601960947137 0.6827619521417075 0.36110215918945854 0.5629111243839744 0.3744084261715676 0.5110926617242442 0.367539051055418 0.41823182139231024 0.345837644988938 0.3862907781078589 0.3433230044487365 0.33830857823977123
0 0.09689381965584724 0.22191704559259223 0.12002921695173949 0.1665763358786772 0.11856884527847157 0.10049613914757072 0.09287292107297324 0.0687644396880912 0.0587623518575551 0.06754497470859572 0.04740745757555058 0.08016855615053292 0.04099007163513992 0.1105761187180313 0.04797072541564751 0.1673456372364136 0.019315046012515703 0.23199702516305282 0.010631957304475283 0.29560169396483316 0.05914319184940546 0.9155340294583298 0.06717811449684652 0.9542055511136933 0.08210191818598614 0.971466172676825 0.13802517213224233 0.9685353591272201 0.18270481046085202 0.9421368052060008 0.17808163218678333 0.9303505990639507 0.14134514376680568 0.9172402560299193 0.1443966717032484 0.8990375872544147 0.13530748018887365 0.8784640624620699 0.14899346953346138 0.757461843666992 0.15612441382942474 0.5495965595234911 0.1383911454581073 0.36408422268459506 0.09689381965584724 0.22191704559259223