1 0.2989169174897078 0.4647508381061099 0.2943439085388435 0.462724606092899 0.28460020789099116 0.4649741166363377 0.2768830933183089 0.47600173587153516 0.2762854105721851 0.4823037104413956 0.278311996647355 0.4910818191331544 0.2770387852095078 0.49445775747242837 0.2790653712846778 0.5032358661641873 0.2816896401059716 0.5057120002860859 0.287535860494683 0.5043622939600226 0.31024521335780525 0.4960374324251836 0.312869482179099 0.49851356654708223 0.31609143374651666 0.4946877260991205 0.31279163623349954 0.4892855557466356 0.31076505015832956 0.4805074470548767 0.30678972395358917 0.4721792404718056 0.2989169174897078 0.4647508381061099
1 0.4095531140202998 0.4638644140816628 0.4025115281393407 0.47781806954744654 0.4019916913388164 0.49334805491775346 0.4040182774139863 0.5021261636095123 0.4085912863648506 0.5041523956227232 0.4378223883084076 0.4974038639924073 0.43909559974625473 0.49402792565313325 0.43571795628763815 0.4793977445002018 0.4317426300828977 0.4710695379171307 0.41929681466815205 0.4616149035382241 0.4095531140202998 0.4638644140816628
1 0.4525032428164496 0.46319457849097934 0.44741039706506097 0.4766983318480754 0.4474882430106605 0.4859263426485221 0.45019035777755373 0.49763048757086725 0.4495926750314299 0.5039324621407275 0.452892472544447 0.5093346324932124 0.45941422162488177 0.5109109623977355 0.4711066624023046 0.5082115497456091 0.4723798738401517 0.504835611406335 0.48407231461757455 0.5021361987542087 0.4872942661849922 0.4983103583062469 0.48789194893111604 0.49200838373638667 0.48113666201388283 0.46274802143052374 0.47656365306301857 0.4607217894173129 0.4635201549021491 0.4575691296082667 0.4525032428164496 0.46319457849097934
0 0.5146544739445783 0.5012397395850653 0.5112768304859617 0.4866095584321339 0.5137454074160565 0.47062967095313923 0.5051192263148523 0.45104722155641064 0.49140019946225955 0.4449685255167781 0.48622950776527146 0.4492442680734277 0.4836830848895772 0.4559961447519757 0.49345187035610155 0.5338726951819702 0.5058976857708471 0.5433273295608767 0.5189411839317166 0.5464799893699229 0.5387399690098192 0.578893011484832 0.5487172074944701 0.6043275333427331 0.5561480231034266 0.6365139318791824 0.5617079445284121 0.6783782433247659 0.5682296936088468 0.679954573229289 0.5733225393602355 0.666450819872193 0.5718936360311893 0.6513707366105738 0.5567984669764778 0.5593139071363356 0.5467433825462276 0.5246513744779877 0.5375195186988996 0.5113708996511195 0.5146544739445783 0.5012397395850653
1 0.4875027192031186 0.4458683297341536 0.4817343447600067 0.45644604686066337 0.48646304560206993 0.4769283004747674 0.5040017067682041 0.4728791814965779 0.506625975589498 0.47535531561847644 0.5144209361077798 0.47355570718372547 0.5110432926491633 0.45892552603079406 0.5077434951361461 0.4535233556783092 0.49987068867226475 0.44609495331261356 0.4875027192031186 0.4458683297341536
1 0.5743648044508675 0.4042406770117263 0.5698696414456027 0.411442455798962 0.5674789104611074 0.43665035407840325 0.5727274481036949 0.4416026223222004 0.5824711487515473 0.43935311177876174 0.5850954175728411 0.4418292459006603 0.590863792015953 0.4312515287741505 0.6006074926638053 0.4290020182307118 0.6018807041016525 0.4256260798914378 0.5991785893347592 0.41392193496909263 0.5958787918217421 0.40851976461660783 0.5860572452282903 0.4015412643595999 0.5743648044508675 0.4042406770117263
1 0.6123777793868277 0.4355306163790321 0.6104290392572572 0.4359805184877198 0.6051805016146696 0.43102825024392266 0.5915393207076763 0.4341775650047368 0.5850954175728411 0.4418292459006603 0.5825489946971467 0.44858112257920835 0.5833023693344696 0.46073516961024125 0.6244594498922479 0.47897125772913873 0.6270058727679423 0.4722193810505907 0.6269280268223427 0.4629913702501441 0.6242259120554494 0.4512872253277989 0.6209261145424324 0.44588505497531405 0.613053308078551 0.43845665260961836 0.6123777793868277 0.4355306163790321
0 0.3287707869980607 0.5318263928793668 0.30416545513229537 0.469703106349907 0.29239516840927304 0.4631745082015868 0.28137825632357366 0.4687999570842995 0.27771431390123114 0.4973837937030147 0.29158903264502295 0.5219185113435404 0.29047151309837477 0.5437504712837077 0.2781813895748281 0.5527518585056944 0.27511512989860937 0.5750337205545494 0.2845725315827359 0.6159982277827575 0.3009936732022219 0.633781068744735 0.3090221715573022 0.6596654927113239 0.3427207601978687 0.7967392934401919 0.36402629455061697 0.8534604096171668 0.365610889770862 0.8869965144796793 0.37670564780216104 0.8905990763974132 0.39798609733623713 0.867194131600955 0.41778488241433975 0.8996071537158641 0.4307505346296097 0.8935318027244636 0.37852637234878783 0.7206690415414126 0.3918561694733832 0.680607683578812 0.36829051120866657 0.5874244263087385 0.3457896113636706 0.5433072592714842 0.3287707869980607 0.5318263928793668
0 0.4095531140202998 0.4638644140816628 0.4025115281393407 0.47781806954744654 0.4093446610021734 0.5163064426537561 0.408980516092848 0.5502924496249563 0.40261445890361225 0.5671721413213264 0.405550111507304 0.6065603186450113 0.4754937116641312 0.8739560434241993 0.48074224930671877 0.8789083116679965 0.4976053817811297 0.8719331564592205 0.4724551282961679 0.7452137943266346 0.45678736131400466 0.7395850003956899 0.4475634974666767 0.7263045255688216 0.4476162585936041 0.655406475395835 0.4406274338395725 0.5984620806886323 0.44234263613234437 0.5703281461786047 0.45252832763512163 0.5433206394644126 0.4466042613008107 0.5354423349900291 0.4363934849793615 0.4823237807307881 0.41929681466815205 0.4616149035382241 0.4095531140202998 0.4638644140816628
0 0.5672678659533976 0.7202425547703495 0.5523534736085571 0.7267678078704376 0.55108026217071 0.7301437462097117 0.55310684824588 0.7389218549014706 0.551235954061909 0.7485997678106049 0.5546135975205255 0.7632299489635364 0.5540937607200013 0.7787599343338433 0.5561203467951712 0.7875380430256022 0.5542494526112002 0.7972159559347365 0.5544051445023992 0.8156719775356296 0.5577827879610158 0.830302158688561 0.5812455154614609 0.8341313441847549 0.5903915333631894 0.8381838082111766 0.5968354364980246 0.830532127315253 0.5914312069642381 0.8071238374705627 0.5920288897103619 0.8008218629007025 0.5752185183628785 0.7368989679364918 0.5692944520285675 0.7290206634621084 0.5672678659533976 0.7202425547703495
0 0.5078464259004176 0.542877427452189 0.4866187374932689 0.49538432207566063 0.48181219070560616 0.46567405766111003 0.4635201549021491 0.4575691296082667 0.4525032428164496 0.46319457849097934 0.4495926750314299 0.5039324621407275 0.4654161339047921 0.5280172776725656 0.443693693515791 0.5761802186397773 0.45010992034237096 0.7195526488902736 0.45873610144357513 0.739135098287002 0.47635260855530887 0.744313990109259 0.5063094088279333 0.9007436166563958 0.4994235148381732 0.9331532937230729 0.5066986385559307 0.9468836706586288 0.53473437500724 0.9527390881680335 0.5740733225079749 0.9097550390230787 0.5504298182976588 0.8073437709525586 0.5500405885696613 0.7612037169503255 0.5587973767433924 0.7191161269745141 0.5678655486995214 0.7139405802004892 0.5664366453704753 0.69886049693887 0.5407665550849893 0.587671120176591 0.528840576470768 0.5626865004273774 0.5078464259004176 0.542877427452189
0 0.5915393207076763 0.4341775650047368 0.5807559464587753 0.4674870462887893 0.5868357046842851 0.49382137236406587 0.607907701200235 0.522858456139701 0.6031262392312443 0.5732742526985836 0.6148437648273393 0.6507009010198903 0.6151023874828098 0.7585109943946633 0.6246376351125357 0.808703512423318 0.6257802394778558 0.866997613456584 0.63237983450389 0.8778019541615536 0.6781099240125326 0.898064274293662 0.707860862756614 0.875785757293039 0.6760331683000186 0.7290340436550368 0.6777232857741187 0.620774048171576 0.659484011097589 0.5417710699457462 0.6225885557082769 0.48864917063827307 0.6222771719258791 0.45173712743648664 0.6078047704359634 0.4335043843658212 0.5915393207076763 0.4341775650047368
0 0.5692719586994789 0.41774443036882236 0.5668033817693842 0.43372431784781695 0.5740785054871416 0.44745469478337296 0.5761829375079112 0.46546081427557845 0.5679459861347044 0.4920184188810829 0.5747791189975371 0.5305067919873924 0.5928627017828677 0.5910537486123291 0.6012804298659454 0.663078226581151 0.6134399463169652 0.7157468787317043 0.6113882754231231 0.6268427090665123 0.60463298850589 0.5975823467606494 0.6067123357079872 0.5354624052794216 0.601983634865924 0.5149801516653176 0.5815871670416977 0.4888691041202688 0.5788072063292048 0.467936948397477 0.5831466774432706 0.4422791480093481 0.599931963972082 0.42607598200012553 0.5965543205134655 0.41144580084719407 0.588681514049584 0.4040173984814984 0.5763135445804379 0.4037907749030385 0.5692719586994789 0.41774443036882236