1 0.6986274639035983 0.4244541810054773 0.7045535939471691 0.42351557421523595 0.7060591974600705 0.4202366742323172 0.7046498779552035 0.41133858107380245 0.7022047281057242 0.4086854189510447 0.7007954086008573 0.39978732579252996 0.6978804855830891 0.3941681326169339 0.686594282672271 0.3868343841088214 0.6767173992663196 0.3883987287592237 0.673236419072228 0.39199049767222294 0.6687196085335241 0.40182719762097907 0.6681535513572008 0.4110381597095743 0.6695628708620677 0.4199362528680891 0.6685270405174554 0.42618118390384596 0.6729475670481249 0.42852147709652333 0.6744531705610262 0.4252425771136046 0.6986274639035983 0.4244541810054773
1 0.5897891784220646 0.46601595844276966 0.5883798589171977 0.4571178652842549 0.5820802397133721 0.4429134478802246 0.5703242636342648 0.43261366831927384 0.5604473802283135 0.4341780129696762 0.552449589495518 0.4476064818314315 0.5518835323191947 0.4568174439200267 0.5542323981606396 0.47164759918421795 0.5566775480101189 0.47430076130697574 0.586308198227973 0.46960772735576883 0.5897891784220646 0.46601595844276966
1 0.5274203869525194 0.49413681945245436 0.5298655368019987 0.49678998157521226 0.5417177968891403 0.49491276799472944 0.5471741537644221 0.49100813015164974 0.5482099841090344 0.48476319911589283 0.5452950610912662 0.4791440059402967 0.5434159684181102 0.4672798817289438 0.540031272232053 0.4586946575005095 0.5302506728341361 0.4480820090094783 0.5179286395787054 0.44699319153712286 0.5070159258281417 0.4548024672232821 0.5035349456340501 0.4583942361362813 0.50823267731694 0.48805454666466386 0.5111476003347082 0.49367373984025986 0.5155681268653777 0.4960140330329371 0.5274203869525194 0.49413681945245436
0 0.5096070562061585 0.6885056301031953 0.4990794784877323 0.6476069332236207 0.49391197363655354 0.6149805916423999 0.4936347684843332 0.5876605743066947 0.49984975055200714 0.550190988092153 0.5107624643025708 0.5423817124059938 0.5187602550353663 0.5289532435442384 0.49864464593509156 0.4530879118907657 0.4937543462361331 0.4477815876452501 0.4873584430242733 0.4457541633826533 0.47691550244199854 0.4565294701216508 0.4762531612576409 0.47791742535167947 0.4845281571426566 0.4918089738256293 0.4868770229841015 0.5066391290898206 0.46947212201364374 0.5245979736548164 0.4658948578115178 0.5403667357092491 0.4695567591497953 0.5762719772733886 0.4900458574103246 0.667280333121133 0.4943700999329598 0.6817976194552439 0.5041506993308768 0.6924102679462749 0.5096070562061585 0.6885056301031953
1 0.5039084347943047 0.47353726033055304 0.5006200226162819 0.4527750429606852 0.4913091963866538 0.4451284255224923 0.47992670946780114 0.4499716701558134 0.4754098989290973 0.4598083701045695 0.47437406858448494 0.46605330114032645 0.4767229344259299 0.4808834564045177 0.484624441150691 0.4796319806841959 0.4861300446635923 0.47635308070127724 0.5039084347943047 0.47353726033055304
1 0.3993097546992545 0.4779423204833841 0.40081535821215586 0.4746634205004652 0.41069224161810725 0.4730990758500629 0.41370344864390973 0.46654127588422556 0.40204375657283686 0.4440645031818414 0.3951780801926881 0.43907104786640627 0.3833258201055464 0.44094826144688903 0.37683363288565225 0.4510978303257257 0.3757978025410399 0.4573427613614826 0.37767689521419584 0.46920688557283563 0.3801220450636751 0.4718600476955934 0.38999892846962647 0.4702957030451911 0.3993097546992545 0.4779423204833841
1 0.40805452375255924 0.49479990001017216 0.40420005439821305 0.4832486447288996 0.3993097546992545 0.4779423204833841 0.39046870163791547 0.47326173409802935 0.37664106486958354 0.47545181660859254 0.3736298578437809 0.48200961657443003 0.37165448116259064 0.48232248550451046 0.37212425433087964 0.48528851655734867 0.36760744379217575 0.49512521650610497 0.3665716134475634 0.5013701475418618 0.36845070612071934 0.5132342717532149 0.3718354023067766 0.5218194959816492 0.3767257020057351 0.5271258202271647 0.40805452375255924 0.49479990001017216
0 0.7321389862525366 0.8022413897541429 0.7606375221177439 0.8159702799801265 0.7695748591871173 0.8084738732240477 0.7584812242923678 0.7767861384330683 0.7569872676513493 0.7162140416559815 0.7368833054229574 0.5764977132425031 0.7346307235895468 0.5494905648368784 0.7431945714986655 0.5268511338865279 0.7366177471426198 0.4853266991467924 0.7254278282398359 0.4658159574972465 0.7106606451349259 0.4620739779021332 0.7014461029133322 0.4422503673225069 0.7051196511234925 0.4143046121266407 0.6910148092029404 0.3891746773014988 0.6786927759475099 0.3880858598291433 0.6702252120464253 0.3985482976380603 0.6706833383428316 0.4653653254509042 0.6592045674159446 0.4823855632256587 0.6548686780214266 0.5317192736515535 0.6679260427254836 0.626945136272458 0.6952924642380445 0.659095950675632 0.7116265942482418 0.8389350274264098 0.7259240041848627 0.8397109759686848 0.7321389862525366 0.8022413897541429
0 0.6067856496166194 0.6244670799635188 0.6333934459367883 0.690182842738155 0.6298161817346623 0.7059516047925876 0.6173978644711974 0.7170397804616656 0.641548864070004 0.8439533778735495 0.6597970273690056 0.8441035885556636 0.6628082343948082 0.8375457885898261 0.6274906096369829 0.5634194560083852 0.6154574284056553 0.5257996591117292 0.603231679158259 0.5125338484979403 0.5901626675823192 0.4811589826370414 0.5820802397133721 0.4429134478802246 0.5703242636342648 0.43261366831927384 0.5604473802283135 0.4341780129696762 0.5523533054874837 0.459783474972865 0.5627845991978757 0.512859164993873 0.560243165340362 0.5223829960125487 0.5798043641361962 0.5436082929946111 0.5919338293755579 0.5690510967498335 0.6067856496166194 0.6244670799635188
0 0.5498382744067078 0.8402362934101407 0.5701580983949339 0.8278966420207409 0.567809232553489 0.8130664867565496 0.5610398401813746 0.7958960382996811 0.555679767314127 0.7876236830013272 0.5542704478092602 0.7787255898428125 0.5479708286054347 0.7645211724387821 0.5456219627639898 0.7496910171745909 0.5402618898967423 0.7414186618762371 0.5388525703918754 0.7325205687177222 0.5364074205423961 0.7298674065949645 0.5201346339245848 0.7294043269827699 0.5215439534294518 0.7383024201412847 0.5190025195719382 0.7478262511599604 0.5273621525931056 0.8133918032524824 0.5302770756108738 0.8190109964280783 0.5340352609571856 0.8427392448507843 0.5428763140185247 0.847419831236139 0.5498382744067078 0.8402362934101407
0 0.5683752897298123 0.8038555246679544 0.5848173506199267 0.9076666115172932 0.6373938958196722 0.932784098776583 0.6611947000019898 0.916852678474184 0.6627965875229254 0.9013967853498317 0.6442712190717037 0.8739265573320124 0.6134471111088168 0.7176655183218266 0.6278408050534721 0.7062644737226681 0.6285031462378298 0.6848765184926394 0.5807439104727741 0.5495403551002875 0.5425610592176839 0.5130218232418393 0.5482099841090344 0.48476319911589283 0.5302506728341361 0.4480820090094783 0.5179286395787054 0.44699319153712286 0.5040047188023391 0.4613602671891196 0.5106778271664192 0.4907077087874216 0.5087870876213805 0.5426945813360742 0.49674225951817014 0.5689257811994238 0.49504408798920013 0.5965586674652095 0.5128954683841814 0.709267847473063 0.5172197109068166 0.7237851338071739 0.527566367481057 0.7251868202096097 0.5514518087995263 0.760929403525783 0.5683752897298123 0.8038555246679544
0 0.44804658644950873 0.9262885366400068 0.4839768558711883 0.9357999200928302 0.518786657812104 0.8998822309628385 0.5208583185013287 0.8873923688913246 0.5000803682166963 0.8329149924678805 0.49011884767459335 0.7828053334997107 0.4499722666101956 0.6827486738113375 0.4318320341911114 0.6065704732277843 0.4085126500489655 0.561616927823016 0.41717278196611857 0.526800503731232 0.41294482345151773 0.5001062242556877 0.39046870163791547 0.47326173409802935 0.37513546135668224 0.4787307165915113 0.3685469901287537 0.5010572786117814 0.38208577487298256 0.5353981755255186 0.36777671806447887 0.5984732237432491 0.3804605936082814 0.6785560621698818 0.42258255135386935 0.7782998529281748 0.44804658644950873 0.9262885366400068
0 0.42018398899192116 0.5202427037653945 0.4110540839064791 0.5520930968043404 0.4143424960845019 0.5728553141742081 0.43954097289980376 0.6296729837903294 0.44423870458269354 0.659333294318712 0.4756405165937865 0.7425323744802971 0.4671845995645848 0.6891438155292086 0.4480085368008882 0.6192105459814123 0.4420940536292001 0.5562981560116481 0.43401162576025304 0.5180526212548313 0.4164258036456093 0.4965144553426885 0.4116317879546852 0.47903113795573943 0.4132336754756208 0.46357524483138735 0.40495867959060505 0.44968369635743743 0.3932027035114978 0.4393839167964868 0.3818202165926451 0.4442271614298078 0.3773034060539412 0.4540638613785639 0.37965227189538614 0.4688940166427552 0.4012851313804448 0.47762945155330355 0.41492020013270803 0.49979335532560715 0.42018398899192116 0.5202427037653945