1 0.1337890625 0.2646484375 0.0673828125 0.0859375
1 0.2626953125 0.33984375 0.0634765625 0.0771484375
1 0.416015625 0.3212890625 0.0625 0.0751953125
1 0.5595703125 0.2509765625 0.072265625 0.0693359375
1 0.798828125 0.3193359375 0.080078125 0.09375
0 0.0595703125 0.4599609375 0.115234375 0.4521484375
0 0.2568359375 0.49609375 0.1259765625 0.3798828125
0 0.421875 0.4619140625 0.1357421875 0.3583984375
1 0.0751953125 0.2724609375 0.080078125 0.083984375
0 0.5703125 0.421875 0.146484375 0.3984375
0 0.8095703125 0.52734375 0.1279296875 0.5
0 0.1884765625 0.42578125 0.0712890625 0.25390625
0 0.0205078125 0.43359375 0.041015625 0.2666015625
1 0.3037109375 0.38671875 0.0595703125 0.07421875
1 0.1875 0.3193359375 0.0712890625 0.05078125