1 0.513671875 0.3466796875 0.0927734375 0.1015625
0 0.5146484375 0.65234375 0.1875 0.6953125
0 0.3837890625 0.5185546875 0.095703125 0.734375
1 0.3603515625 0.1923828125 0.0712890625 0.0888671875
1 0.4931640625 0.23828125 0.0791015625 0.09375
1 0.7978515625 0.77734375 0.0751953125 0.1416015625
1 0.8154296875 0.5986328125 0.068359375 0.1240234375
1 0.6591796875 0.5703125 0.087890625 0.1083984375
1 0.94140625 0.0634765625 0.0615234375 0.06640625
1 0.29296875 0.072265625 0.0546875 0.0625
1 0.1318359375 0.482421875 0.0712890625 0.0986328125
1 0.0361328125 0.1865234375 0.046875 0.0595703125
1 0.04296875 0.5927734375 0.0771484375 0.1015625
1 0.15625 0.6513671875 0.0830078125 0.09375
0 0.1337890625 0.7958984375 0.1279296875 0.376953125
0 0.28515625 0.1767578125 0.0927734375 0.2470703125
0 0.6689453125 0.734375 0.0966796875 0.431640625
0 0.798828125 0.630859375 0.1220703125 0.1962890625
0 0.0517578125 0.3125 0.103515625 0.3017578125
0 0.19140625 0.099609375 0.09375 0.1953125
0 0.09375 0.1044921875 0.078125 0.2060546875
0 0.9482421875 0.201171875 0.1025390625 0.3125
1 0.1015625 0.029296875 0.064453125 0.048828125
1 0.18359375 0.025390625 0.05859375 0.0419921875