1 0.2197265625 0.2490234375 0.0576171875 0.080078125
1 0.302734375 0.19140625 0.052734375 0.06640625
1 0.4921875 0.240234375 0.0546875 0.06640625
1 0.5703125 0.2177734375 0.052734375 0.06640625
1 0.662109375 0.2265625 0.0498046875 0.080078125
1 0.7353515625 0.212890625 0.0546875 0.0888671875
0 0.51171875 0.5712890625 0.10546875 0.712890625
0 0.59375 0.515625 0.1220703125 0.6484375
0 0.685546875 0.5146484375 0.05859375 0.625
0 0.763671875 0.525390625 0.1025390625 0.69140625
0 0.41796875 0.548828125 0.1181640625 0.7490234375
0 0.31640625 0.4140625 0.1015625 0.4912109375
0 0.2421875 0.5771484375 0.1640625 0.7236328125