0 0.443359375 0.5107421875 0.166015625 0.625
0 0.32421875 0.5498046875 0.11328125 0.4638671875
0 0.240234375 0.513671875 0.1005859375 0.4609375
0 0.166015625 0.515625 0.0673828125 0.400390625
0 0.1142578125 0.5224609375 0.078125 0.3369140625
0 0.263671875 0.3623046875 0.0234375 0.05859375
0 0.2841796875 0.369140625 0.0224609375 0.0556640625
0 0.5009765625 0.322265625 0.0322265625 0.1162109375
0 0.5537109375 0.5322265625 0.0654296875 0.5322265625
0 0.5771484375 0.2998046875 0.0166015625 0.0703125
0 0.623046875 0.5048828125 0.0576171875 0.521484375
0 0.693359375 0.49609375 0.060546875 0.482421875
0 0.75390625 0.4892578125 0.0517578125 0.4140625
0 0.8037109375 0.4970703125 0.0380859375 0.3779296875
0 0.8427734375 0.4921875 0.0400390625 0.3564453125
0 0.8779296875 0.4833984375 0.0263671875 0.326171875